DAYSALES_285
0
0.694294940796556
1
0
0
0.973089343379978
0.567276641550054
0
0.694294940796556
1
0
0
0.973089343379978
0.567276641550054
0
0.694294940796556
1
0
0
0.973089343379978
0.567276641550054
0
0.694294940796556
1
0
0
0.973089343379978
0.567276641550054
0
0.694294940796556
1
0
0
0.973089343379978
0.567276641550054
0
0.694294940796556
1
0
0
0.973089343379978
0.567276641550054
0
0.694294940796556
1
0
0
0.973089343379978
0.567276641550054
0
0.694294940796556
1
0
0
0.973089343379978
0.567276641550054
0
0.694294940796556
1
0
0
0.973089343379978
0.567276641550054
0
0.694294940796556
1
0
0
0.973089343379978
0.567276641550054
0
0.694294940796556
1
0
0
0.973089343379978
0.567276641550054
0
0.694294940796556
1
0
0
0.973089343379978
0.567276641550054
0
0.694294940796556
1
0
0
0.973089343379978
0.567276641550054
0
0.694294940796556
1
0
0
0.973089343379978
0.567276641550054
0
0.694294940796556
1
0
0
0.973089343379978
0.567276641550054
0
0.694294940796556
1
0
0
0.973089343379978
0.567276641550054
0
0.694294940796556
1
0
0
0.973089343379978
0.567276641550054
0
0.694294940796556
1
0
0
0.973089343379978
0.567276641550054
0
0.694294940796556
1
0
0
0.973089343379978
0.567276641550054
0
0.694294940796556
1
0
0
0.973089343379978
0.567276641550054
0
0.694294940796556
1
0
0
0.973089343379978
0.567276641550054
0
0.694294940796556
1
0
0
