DAYSALES_858
0.111794298490777
0.375981877555825
0.596040128269249
0.340090023829839
0.298902650701655
0.368332793974875
0.200052955194022
0.370097967108939
0.0470712835750639
0.227118943249684
0.18357800594275
0.399517519343355
0.262422405930982
0.0323615074578566
0.393633608896472
0.24241711041158
0.427760289488395
0.0576623223794533
0.208878820864346
0.417757641728694
0.113559471624842
0.184754788032126
0.328322202936071
0.334794504427644
0.0617810596922714
0.100614868641699
0.234179635785943
0.334794504427644
0.586037480509547
0.206525256685593
0.294783913388839
0.205348474596217
0.249477802947839
0.264775970109735
0.240651937277515
0.179459268629932
0.390103262628342
0.518372510370391
0
0.0888470477479332
0.208878820864346
0.280074137271631
0.418934423818069
0.703127298402519
0.341266805919215
0.341266805919215
0.430702244711835
0.3218499014445
0.361272101438617
0.399517519343355
0.231237680562502
0.397752346209291
0.140625459680504
0.554852755141068
0.378335441734577
0.279485746226943
0.395987173075227
0.296549086522903
0.338324850695772
0.282427701450383
0.683122002883117
0.232414462651879
0.264187579065047
0.411873731281811
0.20417169250684
0.332440940248889
0.0523668029772588
0.556617928275132
0.223000205936866
0.30772851637198
0.298902650701655
0.682533611838429
0.489541349180666
0.167691447736166
0.686063958106557
0.233591244741255
0.417757641728694
0.772557441675737
0.237709982054073
0.405989820834926
0.277132182048189
0.365979229796124
0.377747050689889
0.14886293430614
0.365979229796124
0.282427701450383
0.730781677502868
0.287723220852578
0.57780000588391
0.811979641669854
0.494836868582861
0.51190020887882
0.407166602924304
0.949663146126916
0.170045011914919
0.751375364066959
0.500132387985055
0.300079432791034
0.862581271513048
0.523668029772588
0.580741961107353
0.538966196934484
0.405401429790238
0.337736459651084
0.773145832720425
0.410108558147744
0.182989614898061
0.295960695478215
0.442470065605603
0.502485952163807
0.550145626783561
0.848459886440528
0.658409579006208
0.303609779059162
0.221235032802801
0.155335235797711
0.751375364066959
0.313024035774175
0.987908564031654
0.607219558118326
0.264187579065047
0.322438292489188
0.466005707393133
0.264775970109735
0.192403871613074
0.201818128328087
0.278308964137565
0.37068635815363
0.504251125297874
0.204760083551528
0.388926480538966
1
0.194169044747139
0.405401429790238
0.291253567120709
0.261245623841605
0.131211202965491
0.585449089464859
0.330087376070137
0.261245623841605
0.37068635815363
0.323615074578564
0.518960901415082
0.181812832808685
0.234768026830632
0.0091377129240093
0.133564767144244
0.230060898473125
0.337148068606396
0.438939719337472
0.225353770115619
0.205348474596217
0.369509576064251
0.240063546232826
0.229472507428437
0.339501632785148
0.296549086522903
0.420699596952133
0.198287782059957
0.184754788032126
0.257126886528787
0.514253773057575
0.794916301373894
0.341266805919215
0.394810390985848
0.57132770439234
0.589567826777675
