DAYSALES_196
0.203166226912929
0.261213720316623
0.0534300791556728
0.308707124010554
0.0455145118733509
0.0230870712401055
0.240105540897098
0.218337730870712
0.384564643799472
0.150395778364116
0.372031662269129
0.545514511873351
0.154353562005277
0.370052770448549
0.202506596306069
0.444591029023747
0.29023746701847
0.562005277044855
0.475593667546174
0.492084432717678
0
0.20646437994723
0.465699208443272
0.313984168865435
0.299472295514512
0.428759894459103
0.352242744063325
0.317282321899736
0.356200527704485
0.0481530343007915
0.579815303430079
0.143139841688654
0.164248021108179
0.156332453825857
0.0455145118733509
0.215699208443272
0.262532981530343
0.388522427440633
0.395118733509235
0.0969656992084432
0.275725593667546
0.24868073878628
0.356200527704485
0.393139841688654
0.230870712401055
0.397097625329815
0.236807387862797
0.377968337730871
0.137862796833773
0.139841688654354
0.462401055408971
0.275725593667546
0.41688654353562
0.436675461741425
0.134564643799472
0.302770448548813
0.00197889182058047
0.325197889182058
0.380606860158311
0.561345646437995
0.728232189973615
0.45712401055409
0.239445910290237
0.490105540897098
0.37598944591029
0.437994722955145
0.537598944591029
0.472295514511873
0.484168865435356
0.155672823218997
0.504617414248021
0.343007915567282
0.158970976253298
0.633245382585752
0.352902374670185
0.448548812664908
0.363456464379947
0.524406332453826
0.421503957783641
0.479551451187335
0.519129287598944
0.642480211081794
0.180079155672823
0.279023746701847
0.565963060686016
0.6655672823219
0.313324538258575
0.294195250659631
0.50131926121372
0.353562005277045
0.119393139841689
0.391820580474934
0.0883905013192612
0.474274406332454
1
0.715039577836412
0.697889182058048
0.496701846965699
0.589050131926121
0.789577836411609
0.66754617414248
0.62335092348285
0.261213720316623
0.524406332453826
0.189313984168865
0.549472295514512
0.515171503957784
0.339050131926121
0.846965699208443
0.297493403693931
0.295514511873351
0.0171503957783641
0.12730870712401
0.496042216358839
0.104881266490765
0.238126649076517
0.41820580474934
0.295514511873351
0.180079155672823
0.327836411609499
0.465699208443272
0.189313984168865
0.474934036939314
0.465699208443272
0.678759894459103
0.414907651715039
0.479551451187335
0.569261213720317
0.637862796833773
0.788258575197889
0.827836411609499
0.461741424802111
0.426121372031662
0.616094986807388
0.670184696569921
0.603562005277045
0.536279683377309
0.410290237467018
0.576517150395778
0.46042216358839
0.754617414248021
0.496042216358839
0.364116094986807
0.730870712401056
0.639182058047494
0.596306068601583
0.179419525065963
0.346306068601583
0.486147757255937
0.70910290237467
0.687335092348285
0.653034300791557
0.356860158311346
0.54353562005277
0.398416886543536
0.823218997361477
0.550791556728232
0.366754617414248
0.480211081794195
0.271108179419525
0.178100263852243
0.600923482849604
0.701846965699208
0.327836411609499
0.441292875989446
0.569261213720317
0.267810026385224
0.344327176781003
0.573218997361477
0.612137203166227
0.45712401055409
0.50065963060686
0.389841688654354
0.338390501319261
0.257915567282322
0.323218997361478
0.467678100263852
0.317282321899736
0.240105540897098
0.279023746701847
0.409630606860158
